0.000000 	 0.000000 	 14.000000 	 15.000000
10.000000 	 70.000000 	 14.000000 	 15.000000
20.000000 	 0.000000 	 14.000000 	 15.278471
30.000000 	 0.000000 	 14.000000 	 15.253690
40.000000 	 0.000000 	 14.000000 	 15.229389
50.000000 	 0.000000 	 14.000000 	 15.205560
60.000000 	 0.000000 	 14.000000 	 15.182192
70.000000 	 0.000000 	 14.000000 	 15.159277
80.000000 	 0.000000 	 14.000000 	 15.136806
90.000000 	 0.000000 	 14.000000 	 15.114771
100.000000 	 0.000000 	 14.000000 	 15.093163
110.000000 	 0.000000 	 14.000000 	 15.071973
120.000000 	 0.000000 	 14.000000 	 15.051194
130.000000 	 0.000000 	 14.000000 	 15.030818
140.000000 	 0.000000 	 14.000000 	 15.010838
150.000000 	 0.000000 	 14.000000 	 14.991244
160.000000 	 0.000000 	 14.000000 	 14.972031
170.000000 	 0.000000 	 14.000000 	 14.953189
180.000000 	 0.000000 	 14.000000 	 14.934712
190.000000 	 0.000000 	 14.000000 	 14.916595
200.000000 	 0.000000 	 14.000000 	 14.898828
210.000000 	 0.000000 	 14.000000 	 14.881405
220.000000 	 0.000000 	 14.000000 	 14.864320
230.000000 	 0.000000 	 14.000000 	 14.847567
240.000000 	 0.000000 	 14.000000 	 14.831138
250.000000 	 0.000000 	 14.000000 	 14.815027
260.000000 	 0.000000 	 14.000000 	 14.799230
270.000000 	 0.000000 	 14.000000 	 14.783738
280.000000 	 0.000000 	 14.000000 	 14.768546
290.000000 	 0.000000 	 14.000000 	 14.753649
300.000000 	 0.000000 	 14.000000 	 14.739040
310.000000 	 0.000000 	 14.000000 	 14.724715
320.000000 	 0.000000 	 14.000000 	 14.710668
330.000000 	 0.000000 	 14.000000 	 14.696893
340.000000 	 0.000000 	 14.000000 	 14.683385
350.000000 	 0.000000 	 14.000000 	 14.670138
360.000000 	 0.000000 	 14.000000 	 14.657148
370.000000 	 0.000000 	 14.000000 	 14.644410
380.000000 	 0.000000 	 14.000000 	 14.631919
390.000000 	 0.000000 	 14.000000 	 14.619670
400.000000 	 0.000000 	 14.000000 	 14.607658
410.000000 	 0.000000 	 14.000000 	 14.595880
420.000000 	 0.000000 	 14.000000 	 14.584330
430.000000 	 0.000000 	 14.000000 	 14.573003
440.000000 	 0.000000 	 14.000000 	 14.561896
450.000000 	 0.000000 	 14.000000 	 14.551004
460.000000 	 0.000000 	 14.000000 	 14.540324
470.000000 	 0.000000 	 14.000000 	 14.529851
480.000000 	 0.000000 	 14.000000 	 14.519581
490.000000 	 0.000000 	 14.000000 	 14.509510
500.000000 	 0.000000 	 14.000000 	 14.499634
510.000000 	 0.000000 	 14.000000 	 14.489949
520.000000 	 0.000000 	 14.000000 	 14.480453
530.000000 	 0.000000 	 14.000000 	 14.471140
540.000000 	 0.000000 	 14.000000 	 14.462008
550.000000 	 0.000000 	 14.000000 	 14.453053
560.000000 	 0.000000 	 14.000000 	 14.444271
570.000000 	 0.000000 	 14.000000 	 14.435659
580.000000 	 0.000000 	 14.000000 	 14.427215
590.000000 	 0.000000 	 14.000000 	 14.418934
600.000000 	 0.000000 	 14.000000 	 14.410813
610.000000 	 0.000000 	 14.000000 	 14.402850
620.000000 	 0.000000 	 14.000000 	 14.395041
630.000000 	 0.000000 	 14.000000 	 14.387384
640.000000 	 0.000000 	 14.000000 	 14.379875
650.000000 	 0.000000 	 14.000000 	 14.372512
660.000000 	 0.000000 	 14.000000 	 14.365292
670.000000 	 0.000000 	 14.000000 	 14.358211
680.000000 	 0.000000 	 14.000000 	 14.351267
690.000000 	 0.000000 	 14.000000 	 14.344458
700.000000 	 0.000000 	 14.000000 	 14.337781
710.000000 	 0.000000 	 14.000000 	 14.331234
720.000000 	 0.000000 	 14.000000 	 14.324814
730.000000 	 0.000000 	 14.000000 	 14.318518
740.000000 	 0.000000 	 14.000000 	 14.312344
750.000000 	 0.000000 	 14.000000 	 14.306290
760.000000 	 0.000000 	 14.000000 	 14.300353
770.000000 	 0.000000 	 14.000000 	 14.294531
780.000000 	 0.000000 	 14.000000 	 14.288822
790.000000 	 0.000000 	 14.000000 	 14.283224
800.000000 	 0.000000 	 14.000000 	 14.277734
810.000000 	 0.000000 	 14.000000 	 14.272350
820.000000 	 0.000000 	 14.000000 	 14.267071
830.000000 	 0.000000 	 14.000000 	 14.261894
840.000000 	 0.000000 	 14.000000 	 14.256818
850.000000 	 0.000000 	 14.000000 	 14.251840
860.000000 	 0.000000 	 14.000000 	 14.246958
870.000000 	 0.000000 	 14.000000 	 14.242171
880.000000 	 0.000000 	 14.000000 	 14.237477
890.000000 	 0.000000 	 14.000000 	 14.232874
900.000000 	 0.000000 	 14.000000 	 14.228360
910.000000 	 0.000000 	 14.000000 	 14.223934
920.000000 	 0.000000 	 14.000000 	 14.219594
930.000000 	 0.000000 	 14.000000 	 14.215338
940.000000 	 0.000000 	 14.000000 	 14.211164
950.000000 	 0.000000 	 14.000000 	 14.207070
960.000000 	 5.915536 	 14.000000 	 14.203056
970.000000 	 20.940056 	 14.000000 	 14.224292
980.000000 	 37.360035 	 14.000000 	 14.309046
990.000000 	 56.577168 	 14.000000 	 14.462025
1000.000000 	 76.200188 	 14.000000 	 14.693809
1010.000000 	 95.151230 	 14.000000 	 15.004597
1020.000000 	 100.000000 	 14.000000 	 15.389998
1030.000000 	 100.000000 	 14.000000 	 15.788561
1040.000000 	 100.000000 	 14.000000 	 16.179398
1050.000000 	 100.000000 	 14.000000 	 16.562658
1060.000000 	 100.000000 	 14.000000 	 16.938490
1070.000000 	 100.000000 	 14.000000 	 17.307037
1080.000000 	 100.000000 	 14.000000 	 17.668442
1090.000000 	 100.000000 	 14.000000 	 18.022840
1100.000000 	 100.000000 	 14.000000 	 18.370369
1110.000000 	 100.000000 	 14.000000 	 18.711163
1120.000000 	 100.000000 	 14.000000 	 19.045349
1130.000000 	 100.000000 	 14.000000 	 19.373058
1140.000000 	 100.000000 	 14.000000 	 19.694416
1150.000000 	 100.000000 	 14.000000 	 20.009544
1160.000000 	 100.000000 	 14.000000 	 20.318563
1170.000000 	 100.000000 	 14.000000 	 20.621593
1180.000000 	 100.000000 	 14.000000 	 20.918751
1190.000000 	 100.000000 	 14.000000 	 21.210148
1200.000000 	 100.000000 	 14.000000 	 21.495895
1210.000000 	 100.000000 	 14.000000 	 21.776104
1220.000000 	 100.000000 	 14.000000 	 22.050882
1230.000000 	 100.000000 	 14.000000 	 22.320333
1240.000000 	 100.000000 	 14.000000 	 22.584562
1250.000000 	 100.000000 	 14.000000 	 22.843670
1260.000000 	 100.000000 	 14.000000 	 23.097755
1270.000000 	 100.000000 	 14.000000 	 23.346914
1280.000000 	 100.000000 	 14.000000 	 23.591244
1290.000000 	 100.000000 	 14.000000 	 23.830837
1300.000000 	 100.000000 	 14.000000 	 24.065788
1310.000000 	 100.000000 	 14.000000 	 24.296185
1320.000000 	 0.000000 	 14.000000 	 24.522114
1330.000000 	 100.000000 	 14.000000 	 24.318159
1340.000000 	 0.000000 	 14.000000 	 24.543663
1350.000000 	 100.000000 	 14.000000 	 24.339291
1360.000000 	 0.000000 	 14.000000 	 24.564384
1370.000000 	 100.000000 	 14.000000 	 24.359610
1380.000000 	 0.000000 	 14.000000 	 24.584311
1390.000000 	 100.000000 	 14.000000 	 24.379150
1400.000000 	 0.000000 	 14.000000 	 24.603472
1410.000000 	 100.000000 	 14.000000 	 24.397940
1420.000000 	 0.000000 	 14.000000 	 24.621897
1430.000000 	 100.000000 	 14.000000 	 24.416008
1440.000000 	 0.000000 	 14.000000 	 24.639616
1450.000000 	 100.000000 	 14.000000 	 24.433384
1460.000000 	 0.000000 	 14.000000 	 24.656654
1470.000000 	 100.000000 	 14.000000 	 24.450092
1480.000000 	 0.000000 	 14.000000 	 24.673038
1490.000000 	 100.000000 	 14.000000 	 24.466158
1500.000000 	 0.000000 	 14.000000 	 24.688793
1510.000000 	 100.000000 	 14.000000 	 24.481607
1520.000000 	 0.000000 	 14.000000 	 24.703943
1530.000000 	 100.000000 	 14.000000 	 24.496464
1540.000000 	 0.000000 	 14.000000 	 24.718512
1550.000000 	 0.000000 	 14.000000 	 24.510750
1560.000000 	 100.000000 	 14.000000 	 24.307014
1570.000000 	 0.000000 	 14.000000 	 24.532734
1580.000000 	 100.000000 	 14.000000 	 24.328573
1590.000000 	 0.000000 	 14.000000 	 24.553875
1600.000000 	 100.000000 	 14.000000 	 24.349304
1610.000000 	 0.000000 	 14.000000 	 24.574205
1620.000000 	 100.000000 	 14.000000 	 24.369240
1630.000000 	 0.000000 	 14.000000 	 24.593754
1640.000000 	 100.000000 	 14.000000 	 24.388411
1650.000000 	 0.000000 	 14.000000 	 24.612553
1660.000000 	 100.000000 	 14.000000 	 24.406845
1670.000000 	 0.000000 	 14.000000 	 24.630630
1680.000000 	 100.000000 	 14.000000 	 24.424572
1690.000000 	 0.000000 	 14.000000 	 24.648014
1700.000000 	 100.000000 	 14.000000 	 24.441618
1710.000000 	 0.000000 	 14.000000 	 24.664728
1720.000000 	 100.000000 	 14.000000 	 24.458010
